[[[ 0  1  2  3]
  [ 4  5  6  7]]
 [[ 8  9 10 11]
  [12 13 14 15]]]


0==>[0,0,0]
1==>[0,0,1]
2==>[0,0,2]
3==>[0,0,3]

4==>[0,1,0]
5==>[0,1,1]
6==>[0,1,2]
7==>[0,1,3]

8==>[1,0,0]
9==>[1,0,1]
10==>[1,0,2]
11==>[1,0,3]

12==>[1,1,0]
13==>[1,1,1]
14==>[1,1,2]
15==>[1,1,3]


A.transpose((0, 2, 1))

[[[ 0  4]
  [ 1  5]
  [ 2  6]
  [ 3  7]]
 [[ 8 12]
  [ 9 13]
  [10 14]
  [11 15]]]

0==>[0,0,0]
4==>[0,0,1]

1==>[0,1,0]
5==>[0,1,1]

2==>[0,2,0]
6==>[0,2,1]

3==>[0,3,0]
7==>[0,3,1]

8==>[1,0,0]
12==>[1,0,1]

9==>[1,1,0]
13==>[1,1,1]

10==>[1,2,0]
14==>[1,2,1]

11==>[1,3,0]
15==>[1,3,1]

[[1,2],[3,4]]

[[1,3],[2,4]]




